,1,2,3,4,5,6,7,8,9,10
6,,,,,,,,,,
5,,,X830,,,,,,,
4,,,H675,W778,,,,,,
3,,,K986,Z338,,,,,,
2,,,W325,F726,,,,F068,,
1,,,E498,P110,,,,G707,V040,
